0.0 1.0
1.0 0.0
2.0 0.89694167916
3.0 1.16091759532
4.0 0.454419148331
5.0 0.579844929316
6.0 0.560504429239
7.0 0.60170257603
8.0 0.999182711282
9.0 0.96860897443
10.0 0.794698218888
11.0 0.808521214904
12.0 0.81948105442
13.0 0.880592647707
14.0 0.860888923565
15.0 0.90413874472
16.0 0.861285285628
17.0 0.899124122878
18.0 0.802999196533
19.0 0.934095619953
20.0 0.945281328668
21.0 0.877788013118
22.0 0.910877065139
23.0 0.909253418996
24.0 0.938973884865
25.0 0.932164756291
26.0 0.96481724055
27.0 0.748933473187
28.0 0.94098935046
29.0 0.975733815698
30.0 1.0122511543
31.0 1.05071826182
32.0 1.17542343198
33.0 1.12715371427
34.0 1.03737607379
35.0 1.02301949855
36.0 1.14542482722
37.0 1.10459075313
38.0 1.20372068485
39.0 1.20469566222
40.0 1.22733316669
41.0 1.24249828707
42.0 1.1036361193
43.0 1.33763233476
44.0 1.20518010446
45.0 1.53163821439
46.0 1.36919896927
47.0 1.52306883112
48.0 1.68104459064
49.0 1.52424971329
50.0 1.53934987832
51.0 1.76088598201
52.0 1.64776999688
53.0 1.86026324026
54.0 1.45240571078
55.0 2.00382130869
56.0 1.81179083484
57.0 2.73012057757
58.0 2.49630893586
59.0 3.07698808141
