0 1.0 0. 0.0923845128081
1 1.67162954486 0. 0.0612881942889
2 1.31843650819 0. 0.039966959493
3 0.975709802865 0. 0.0308266794085
4 0.890920047352 0. 0.0214281789048
5 0.802050418185 0. 0.0163666634383
6 0.801614440394 0. 0.0124983126577
7 0.790254245647 0. 0.0102958196154
8 0.80291973121 0. 0.0086617811359
9 0.821141685385 0. 0.00751223676994
10 0.83114839157 0. 0.00642826689432
11 0.828918282364 0. 0.00595928093518
12 0.85592816791 0. 0.00541541595057
13 0.860409524775 0. 0.00503546476559
14 0.872112386482 0. 0.00487221720039
15 0.894749163804 0. 0.00456302477338
16 0.892513297536 0. 0.00447048949193
17 0.908110694723 0. 0.00442179721066
18 0.926268725688 0. 0.00438330183924
19 0.940508155613 0. 0.00441694293491
20 0.958205079813 0. 0.00431536939302
21 0.955731066427 0. 0.00443363301656
22 0.976510023593 0. 0.00449627872601
23 0.986996693535 0. 0.0045769644369
24 0.993646717946 0. 0.00478532410929
25 1.01579983721 0. 0.00508079922956
26 1.03924191913 0. 0.00525582179494
27 1.04233775818 0. 0.0055285104635
28 1.05059057688 0. 0.00584851970804
29 1.05848089835 0. 0.00631393325752
30 1.0765601345 0. 0.00673784228076
31 1.08345846537 0. 0.00740256350749
32 1.10389815766 0. 0.0078964791008
33 1.10341470416 0. 0.00841296438551
34 1.10355240299 0. 0.00898614505174
35 1.10994085321 0. 0.00929176892348
36 1.08729705501 0. 0.010119090502
37 1.09912512737 0. 0.0107996777653
38 1.09548747587 0. 0.0115984936284
39 1.10005690195 0. 0.0123495510535
40 1.0982835807 0. 0.0143168330116
41 1.14953197174 0. 0.0144505787929
42 1.11507854165 0. 0.0159864915206
43 1.13054430501 0. 0.0177520159944
44 1.14706480071 0. 0.0199540984427
45 1.17841991101 0. 0.0214220826097
46 1.17674724751 0. 0.0246559992193
47 1.21452795812 0. 0.0262202113701
48 1.20236514916 0. 0.0297058900674
49 1.23902390405 0. 0.0357922045206
50 1.30494707452 0. 0.0372075454358
51 1.30758034218 0. 0.0457819713646
52 1.37619413397 0. 0.0551410152239
53 1.47956199985 0. 0.0565890446
54 1.42018538774 0. 0.0595646757041
55 1.3887256182 0. 0.0769906932054
56 1.53542174397 0. 0.0805677179108
57 1.53077398858 0. 0.101689923022
58 1.74780870989 0. 0.127904416799
59 1.87063347531 0. 0.127439944547
60 1.80678305274 0. 0.121455031266
61 1.64681795519 0. 0.19740638339
62 2.13643691484 0. 0.227565971823
63 2.20080953843 0. 0.193654749987
64 1.8551993274 0. 0.237598591258
65 2.0655432582 0. 0.490340538242
66 3.4797287236 0. 0.455227342145
67 2.61916188765 0. 0.344241836238
68 2.49646463039 0. 0.698948540831
69 3.15724058369 0. 0.633720688856
70 3.33386616555 0. 0.445538929887
71 2.67024144754 0. 1.21983760408
72 4.82804767437 0. 0.74179038781
73 3.74046692645 0. 0.94578768455
74 2.45825149856 0. 1.11971033801
75 3.04089299853 0. 1.70157129588
76 5.1707371849 0. 1.32816681576
77 3.93428845673 0. 0.630469263562
78 1.84870438369 0. 1.60007505641
79 6.06438374364 0. 7.11427695032
80 10.0688008034 0. 1.26789566212
81 3.21569226546 0. 68.5700574111
82 36.1144938996 0. 1.02464064007
83 3.34216369244 0. 1.36568316124
84 3.71321498557 0. 3.29101108902
85 8.34998483036 0. 2.16042324897
86 5.02185121348 0. 369.752846154
87 -82.1563467037 0. 0.945055196125
88 1.28606773235 0. 1.12067323681
89 2.17640904735 0. 2.48943447114
90 4.40406755634 0. 1775.89301929
91 -161.833300332 0. 6.65342255773
92 -4.8578471625 0. 80.5353435025
93 25.7228878469 0. 4.07880737053
94 -2.2844833177 0. 3.09661638555
95 2.99738004241 0. 13.4061203108
96 16.7035685863 0. 40.0875076417
97 17.2281117596 0. 2.50136228487
98 3.76302203783 0. 1.8327326703
