0 1.0 0. 0.109303572221
1 1.70002223254 0. 0.083471628433
2 1.3632163045 0. 0.0455884689854
3 0.902755558463 0. 0.0380369350602
4 0.859739782129 0. 0.0291698169817
5 0.833818210909 0. 0.0216395880224
6 0.799781278305 0. 0.0188181685932
7 0.844205694511 0. 0.0147150766584
8 0.841025072147 0. 0.0117841249999
9 0.829398867917 0. 0.0102467998421
10 0.844672193979 0. 0.00895751123141
11 0.846362195746 0. 0.00802110133067
12 0.858483758809 0. 0.00774417864673
13 0.894261625126 0. 0.00726140242141
14 0.910168003996 0. 0.00666437099953
15 0.902397290843 0. 0.00638677773628
16 0.912668825909 0. 0.00630077956309
17 0.933022946981 0. 0.00619205905035
18 0.943538543954 0. 0.00591448991453
19 0.937373147519 0. 0.00603828335708
20 0.959054392699 0. 0.00601057184132
21 0.965514099031 0. 0.00613259092914
22 0.981386089207 0. 0.00634929441944
23 1.00277421638 0. 0.0063803486509
24 1.00448039054 0. 0.00672604498413
25 1.02998113156 0. 0.00695812996038
26 1.03899269154 0. 0.00724042032056
27 1.04942923802 0. 0.00746563340656
28 1.04948377745 0. 0.00803465151428
29 1.07186518713 0. 0.00847623133035
30 1.07355068658 0. 0.00885357209866
31 1.07234486135 0. 0.00981463845755
32 1.09473526532 0. 0.0105547212914
33 1.10561222328 0. 0.0109137914793
34 1.08156300189 0. 0.0119419236774
35 1.10151434303 0. 0.0131354052883
36 1.11636844939 0. 0.0139059575276
37 1.1083777393 0. 0.0145353282592
38 1.09001318631 0. 0.0160028378493
39 1.10975368638 0. 0.0181135428183
40 1.13536321343 0. 0.0199594334701
41 1.15833384 0. 0.0204679762218
42 1.116905027 0. 0.0226313550462
43 1.13431098373 0. 0.0247299794304
44 1.1495730247 0. 0.0279140467741
45 1.17238098401 0. 0.02980015782
46 1.15176086131 0. 0.0353522786645
47 1.23336079389 0. 0.0410487229801
48 1.25539026936 0. 0.0422664527978
49 1.22360170353 0. 0.0493324254332
50 1.27468821779 0. 0.0578664152384
51 1.37083444034 0. 0.0641044977458
52 1.34489551082 0. 0.0686300715426
53 1.31335723851 0. 0.0995904822246
54 1.58918055241 0. 0.095769557656
55 1.4536411699 0. 0.0922403968029
56 1.40981344035 0. 0.148321970886
57 1.68591000103 0. 0.171041880943
58 1.77720158306 0. 0.196015749871
59 1.85005559617 0. 0.281952078501
60 2.18228278255 0. 0.249347008567
61 1.84148421852 0. 0.427662405971
62 2.30494076342 0. 0.209378661774
63 1.70467436415 0. 0.401552374573
64 2.21556630717 0. 0.3059817293
65 1.54472637577 0. 0.357364739695
66 2.05462605774 0. 0.615248426134
67 2.77408317217 0. 0.427157909381
68 2.64751227078 0. 0.894248648805
69 3.88966450307 0. 0.680103335506
70 2.4194348437 0. 0.760315658471
71 2.46425385105 0. 0.645818771218
72 2.41472534107 0. 7.32712086078
73 7.37400564608 0. 0.805026791045
74 3.03162594154 0. 1.58324511821
75 2.33056648835 0. 4.22894944452
76 7.13841895963 0. 2.0440075313
77 4.67588939206 0. 42.8767004513
78 21.3863147088 0. 1.83939255977
79 4.03025637244 0. 4.58854898063
80 7.77921880158 0. 6.38161666955
81 8.78383412752 0. 2.37477639862
82 5.10771617899 0. 1.5674952217
83 2.74002469173 0. 4.26446886396
84 5.52905525896 0. 20.550951606
85 11.6749271314 0. 8.607631913
86 8.01704840341 0. 1.98695079369
87 -1.84844074849 0. 0.475759267402
88 0.476251492944 0. 6.30521278787
89 5.99506690848 0. 8.03919469068
90 -8.17808653437 0. 9.80395389201
91 8.93957158496 0. 6.87672724635
92 5.9134025197 0. 47.9272969885
93 -38.887964454 0. 34.9322377672
94 31.6457127941 0. 5076.74648427
95 5142.58544206 0. 9632.88802581
96 6879.46267984 0. 7.9964831473
97 5.65505847524 0. 0.0
98 0.0 0. 41.3676370799
