0.0 1.1487422002439494 0. 0.017998119371874635
33.333333333333336 1.0414811282938983 0. 0.006086065564458529
66.66666666666667 0.9574281493858745 0. 0.008975923105120522
100.0 0.9000947781702139 0. 0.01277383335433023
133.33333333333334 0.8671848373475964 0. 0.017697969564448166
166.66666666666669 0.8344749666431237 0. 0.024814337322382307
200.0 0.7812942590046591 0. 0.03108026501246456
233.33333333333334 0.7096278292077991 0. 0.036814085924572894
266.6666666666667 0.6718986783176404 0. 0.04688863785567143
300.0 0.6214183444285662 0. 0.05801492174516581
333.33333333333337 0.5499766340239528 0. 0.06733541460258699
366.6666666666667 0.6630413675901093 0. 0.08512035325369069
400.0 0.6418718282639002 0. 0.13019006734487248
433.33333333333337 0.4284692726505032 0. 0.11174746550739897
466.6666666666667 0.4327513749898191 0. 0.06864999095937094
