2.0000 0.7493971795777106 0. 0.025018454390399417
2.2000 0.7258174999109135 0. 0.022306648013900667
2.4000 0.733525420154366 0. 0.021830556634677097
2.6000 0.7797487689300743 0. 0.0220572142303266
2.8000 0.8291244144874413 0. 0.022317311051623323
3.0000 0.8894386597894973 0. 0.02232885722225946
3.2000 0.9263855146083151 0. 0.023000391373241207
3.4000 0.9603028777856684 0. 0.022934253738173156
3.6000 1.0249979184225513 0. 0.025215654032790514
3.8000 1.0550064423175955 0. 0.0253665292415427
4.0000 1.0525657065201508 0. 0.03019646683439906
4.2000 1.034168182535938 0. 0.024885496438820223
4.4000 1.0886431815638125 0. 0.03008377549347889
4.6000 1.089877336862743 0. 0.029636873921765765
4.8000 1.200586059649068 0. 0.036299621438507484
5.0000 1.1195392340591024 0. 0.0375156982606928
5.2000 1.20834747597628 0. 0.043971079759153694
5.4000 1.1165507667938084 0. 0.04000953101314784
5.6000 1.345198925315202 0. 0.058085727183916774
5.8000 1.0229169456958926 0. 0.04382465776936024
6.0000 1.306635332892811 0. 0.06881950315045256
6.2000 1.3197856212394545 0. 0.07502990803344392
6.4000 1.2278176724568823 0. 0.08099340929800852
6.6000 1.5499907972156313 0. 0.13052744253063997
6.8000 1.397149644059983 0. 0.11163410437392435
7.0000 0.9650040640949954 0. 0.0652244835267742
7.2000 0.9986366309837222 0. 0.08898268144243213
7.4000 0.733063642962938 0. 0.060367700211307086
7.6000 1.295380250776103 0. 0.159464813561184
7.8000 0.8897378103319112 0. 0.09074540682987704
