2.0000 0.7571332646413043 0. 0.025677555416942187
2.2000 0.7690099832087952 0. 0.0246535135316218
2.4000 0.8067861685640864 0. 0.02393307114967569
2.6000 0.7897024871855906 0. 0.02214606066479106
2.8000 0.8453563419305008 0. 0.022236907831788517
3.0000 0.8634962851963859 0. 0.022855692401831856
3.2000 0.9235887015323964 0. 0.02350224105073932
3.4000 0.9359491060601525 0. 0.023162160886931786
3.6000 0.9525651678327521 0. 0.0228571289934425
3.8000 1.0363867944974963 0. 0.02564263312985946
4.0000 1.0296603515549316 0. 0.025572878638114804
4.2000 1.0598289476211684 0. 0.027382237145497767
4.4000 1.0672335144807978 0. 0.02959882875966685
4.6000 1.080122259557862 0. 0.03101485459067079
4.8000 1.1060804170299243 0. 0.03368506034652663
5.0000 1.1059559932407548 0. 0.03481411692043526
5.2000 1.2306990698883147 0. 0.0439881316876576
5.4000 1.0890694643298362 0. 0.04369570297137137
5.6000 1.1934300030688583 0. 0.04552841660826903
5.8000 1.2553504753619054 0. 0.05585940200639053
6.0000 1.2919045013853763 0. 0.06464980867079353
6.2000 1.2816614719601258 0. 0.07268059567816408
6.4000 1.3294977604171263 0. 0.08095974795600928
6.6000 1.530592619483728 0. 0.10716499120988632
6.8000 1.3425043826795906 0. 0.10960015303960764
7.0000 1.2626723103186281 0. 0.10261108926607171
7.2000 0.8828722947929972 0. 0.06683683447923865
7.4000 0.7362045666705581 0. 0.05680939126790712
7.6000 0.714042246237582 0. 0.08589303353648849
7.8000 0.8057497037158562 0. 0.05955700046891057
