0.0 1.0 0. 0.009239539358822988
33.333333333333336 0.994319575640376 0. 0.012089612305284199
66.66666666666667 1.0247932669256985 0. 0.016530587577132758
100.0 0.9972741845178397 0. 0.024756312458585075
133.33333333333334 1.021409026169317 0. 0.034702878775423926
166.66666666666669 1.0446933924635389 0. 0.040826831278033084
200.0 0.8829625811684769 0. 0.052238796289346204
233.33333333333334 0.8409465661853845 0. 0.07231732656903309
266.6666666666667 0.9299556028284981 0. 0.09404251329027893
300.0 0.8924191692211711 0. 0.09718098619501055
333.33333333333337 0.702740981407407 0. 0.11522159293249058
366.6666666666667 0.5187304021161946 0. 0.12486384101495225
400.0 0.5656682103373505 0. 0.16097884468348456
433.33333333333337 0.5174094793983322 0. 0.10565775279670724
