2.0 0.7509604211134163
2.2 0.7712617889449662
2.4 0.7949240866234591
2.6 0.8209724461539935
2.8 0.8486288585137964
3.0 0.8772855538342694
3.2 0.906478381583025
3.4 0.9358601907459372
3.6 0.9651742100091806
3.8 0.994227427941271
4.0 1.0228639731751146
4.2 1.0509384945900422
4.4 1.078289541493863
4.6 1.104712943804898
4.8 1.1299351922340295
5.0 1.1535868184667384
5.2 1.1751757753451506
5.4 1.1940608170500797
5.6 1.209424879283067
5.8 1.220248459448435
6.0 1.2252829968353036
6.2 1.2230242527996897
6.4 1.2116856909464566
6.6 1.1891718573114602
6.8 1.1530517605435244
7.0 1.1005322520865035
7.2 1.0284314063613162
7.4 0.9331519009480417
7.6 0.8106543967678538
7.8 0.6564309182651786
