2.0000 0.7493716272863946
2.2000 0.7696300438691382
2.4000 0.7932422796383378
2.6000 0.8192355291102557
2.8000 0.8468334292821997
3.0000 0.875429496133651
3.2000 0.9045605611273844
3.4000 0.9338802077106023
3.6000 0.9631322078160562
3.8000 0.9921239583631716
4.0000 1.0206999177591793
4.2000 1.0487150424002336
4.4000 1.0760082231725492
4.6000 1.1023757219535173
4.8000 1.1275446081128393
5.0000 1.151146195013646
5.2000 1.1726894765136282
5.4000 1.1915345634661625
5.6000 1.2068661202214344
5.8000 1.2176668011275744
6.0000 1.2226906870317586
6.2000 1.2204367217813905
6.4000 1.2091221487251342
6.6000 1.1866559472141436
6.8000 1.1506122691031209
7.0000 1.0982038752514622
7.2000 1.0262555720243753
7.4000 0.9311776477940583
7.6000 0.8089393094407171
7.8000 0.6550421188538067
