2.0000 0.6941133943744553
2.2000 0.7186351463545669
2.4000 0.753576498368928
2.6000 0.7939411516443063
2.8000 0.8358708479072018
3.0000 0.8765320909609383
3.2000 0.9140028682627344
3.4000 0.9471593725007721
3.6000 0.975562723171278
3.8000 0.9993456881556009
4.0000 1.0190994052973061
4.2000 1.0357601039792161
4.4000 1.0504958267005087
4.6000 1.0645931506538178
4.8000 1.0793439093022563
5.0000 1.095931913956555
5.2000 1.1153196753520564
5.4000 1.138135125225885
5.6000 1.164558337893986
5.8000 1.1942082518281758
6.0000 1.2260293912332116
6.2000 1.2581785876240197
6.4000 1.2879117014024644
6.6000 1.3114703434347632
6.8000 1.3239685966284185
7.0000 1.3192797375091132
7.2000 1.2899229577981473
7.4000 1.226950085989273
7.6000 1.1198323089258508
7.8000 0.9563468933778552
